Tensor Shape: 1×3×512×512 (NCHW)
Data Type: FP16
Frame: #23479

=== Channel 0 (R (Red)) ===
Min:  -2.117188
Max:  2.248047
Mean: -0.314264

First 10×10 values:
 -2.1172  -2.1172  -2.1172  -2.1172  -2.1172  -2.1172  -2.1172  -2.1172  -2.1172  -2.1172 
 -2.1172  -2.1172  -2.1172  -2.1172  -2.1172  -2.1172  -2.1172  -2.1172  -2.1172  -2.1172 
 -2.1172  -2.1172  -2.1172  -2.1172  -2.1172  -2.1172  -2.1172  -2.1172  -2.1172  -2.1172 
 -2.1172  -2.1172  -2.1172  -2.1172  -2.1172  -2.1172  -2.1172  -2.1172  -2.1172  -2.1172 
 -2.1172  -2.1172  -2.1172  -2.1172  -2.1172  -2.1172  -2.1172  -2.1172  -2.1172  -2.1172 
 -2.1172  -2.1172  -2.1172  -2.1172  -2.1172  -2.1172  -2.1172  -2.1172  -2.1172  -2.1172 
 -2.1172  -2.1172  -2.1172  -2.1172  -2.1172  -2.1172  -2.1172  -2.1172  -2.1172  -2.1172 
 -2.1172  -2.1172  -2.1172  -2.1172  -2.1172  -2.1172  -2.1172  -2.1172  -2.1172  -2.1172 
 -2.1172  -2.1172  -2.1172  -2.1172  -2.1172  -2.1172  -2.1172  -2.1172  -2.1172  -2.1172 
 -2.1172  -2.1172  -2.1172  -2.1172  -2.1172  -2.1172  -2.1172  -2.1172  -2.1172  -2.1172 

=== Channel 1 (G (Green)) ===
Min:  -2.035156
Max:  2.427734
Mean: -0.717119

First 10×10 values:
 -2.0352  -2.0352  -2.0352  -2.0352  -2.0352  -2.0352  -2.0352  -2.0352  -2.0352  -2.0352 
 -2.0352  -2.0352  -2.0352  -2.0352  -2.0352  -2.0352  -2.0352  -2.0352  -2.0352  -2.0352 
 -2.0352  -2.0352  -2.0352  -2.0352  -2.0352  -2.0352  -2.0352  -2.0352  -2.0352  -2.0352 
 -2.0352  -2.0352  -2.0352  -2.0352  -2.0352  -2.0352  -2.0352  -2.0352  -2.0352  -2.0352 
 -2.0352  -2.0352  -2.0352  -2.0352  -2.0352  -2.0352  -2.0352  -2.0352  -2.0352  -2.0352 
 -2.0352  -2.0352  -2.0352  -2.0352  -2.0352  -2.0352  -2.0352  -2.0352  -2.0352  -2.0352 
 -2.0352  -2.0352  -2.0352  -2.0352  -2.0352  -2.0352  -2.0352  -2.0352  -2.0352  -2.0352 
 -2.0352  -2.0352  -2.0352  -2.0352  -2.0352  -2.0352  -2.0352  -2.0352  -2.0352  -2.0352 
 -2.0352  -2.0352  -2.0352  -2.0352  -2.0352  -2.0352  -2.0352  -2.0352  -2.0352  -2.0352 
 -2.0352  -2.0352  -2.0352  -2.0352  -2.0352  -2.0352  -2.0352  -2.0352  -2.0352  -2.0352 

=== Channel 2 (B (Blue)) ===
Min:  -1.804688
Max:  2.640625
Mean: -0.798232

First 10×10 values:
 -1.8047  -1.8047  -1.8047  -1.8047  -1.8047  -1.8047  -1.8047  -1.8047  -1.8047  -1.8047 
 -1.8047  -1.8047  -1.8047  -1.8047  -1.8047  -1.8047  -1.8047  -1.8047  -1.8047  -1.8047 
 -1.8047  -1.8047  -1.8047  -1.8047  -1.8047  -1.8047  -1.8047  -1.8047  -1.8047  -1.8047 
 -1.8047  -1.8047  -1.8047  -1.8047  -1.8047  -1.8047  -1.8047  -1.8047  -1.8047  -1.8047 
 -1.8047  -1.8047  -1.8047  -1.8047  -1.8047  -1.8047  -1.8047  -1.8047  -1.8047  -1.8047 
 -1.8047  -1.8047  -1.8047  -1.8047  -1.8047  -1.8047  -1.8047  -1.8047  -1.8047  -1.8047 
 -1.8047  -1.8047  -1.8047  -1.8047  -1.8047  -1.8047  -1.8047  -1.8047  -1.8047  -1.8047 
 -1.8047  -1.8047  -1.8047  -1.8047  -1.8047  -1.8047  -1.8047  -1.8047  -1.8047  -1.8047 
 -1.8047  -1.8047  -1.8047  -1.8047  -1.8047  -1.8047  -1.8047  -1.8047  -1.8047  -1.8047 
 -1.8047  -1.8047  -1.8047  -1.8047  -1.8047  -1.8047  -1.8047  -1.8047  -1.8047  -1.8047 

